237
945
686
495
664
900
453
266
935
426
259
222
502
630
232
204
395
551
936
651
910
388
449
629
325
397
694
807
948
588
556
740
533
797
790
752
696
243
573
630
224
632
407
526
817
996
286
211
301
221
418
210
966
667
640
290
619
889
897
321
476
452
862
809
805
406
315
500
204
688
686
785
875
893
310
692
643
952
458
745
729
431
755
694
898
950
539
517
838
435
638
314
442
254
678
246
216
794
302
220
236
543
805
912
991
671
358
634
377
371
378
661
603
688
910
255
638
448
327
475
438
521
344
681
575
823
482
346
371
339
923
963
682
482
629
673
708
787
862
886
714
239
301
316
482
211
371
920
459
499
951
698
575
850
934
705
427
971
852
598
310
774
316
547
255
745
219
519
532
636
404
801
430
505
917
713
271
843
632
531
897
337
784
471
988
472
977
414
442
828
568
552
356
684
655
967
428
674
485
515
310
444
315
540
505
787
808
576
630
996
662
281
332
200
553
875
472
284
845
715
667
412
822
823
651
476
544
634
706
585
950
571
584
820
666
644
362
474
220
547
469
437
628
356
438
736
231
465
820
876
980
486
843
557
864
493
833
964
927
293
548
631
664
687
206
886
331
368
359
907
470
383
343
898
539
336
634
325
602
208
200
336
495
598
693
914
891
526
877
573
374
980
759
839
667
765
724
553
688
638
459
958
821
602
611
915
494
800
240
896
808
796
231
858
950
725
772
595
806
403
968
980
939
482
573
360
802
852
713
490
489
972
202
865
328
368
535
622
968
330
272
531
681
304
388
630
584
715
225
389
919
748
924
857
229
252
216
832
904
484
877
949
455
634
568
338
803
903
761
525
232
588
856
469
692
244
899
831
759
924
775
432
672
699
844
456
751
615
843
409
899
719
357
909
909
481
247
711
383
563
791
972
951
647
440
398
446
338
228
760
818
804
993
244
257
836
255
563
451
899
772
905
617
685
814
525
966
861
791
904
979
582
875
929
784
870
882
229
764
911
789
581
469
536
380
526
928
435
889
934
333
415
838
506
900
651
586
865
266
377
769
244
514
398
729
853
268
610
882
832
275
425
968
544
762
347
625
444
337
513
377
471
729
214
532
383
421
918
248
487
850
572
287
363
770
571
215
593
736
652
424
812
878
947
911
394
293
536
638
431
604
815
457
332
584
789
516
805
706
319
848
556
691
690
474
215
260
245
609
796
452
588
362
885
535
273
278
383
364
471
369
768
841
381
656
981
970
727
785
431
601
387
542
847
877
571
862
692
371
225
243
624
369
405
508
704
233
342
642
397
368
567
721
209
748
932
990
718
658
529
704
258
717
245
905
348
371
521
596
543
547
639
967
716
599
229
975
633
371
371
585
540
738
861
304
486
792
849
759
204
377
462
818
649
262
477
553
989
799
949
531
901
342
252
371
741
838
901
929
208
271
514
303
810
930
963
851
722
811
609
481
744
626
299
392
443
576
500
431
930
448
518
830
590
325
756
887
963
656
815
727
483
328
585
848
814
548
698
535
914
862
571
657
242
670
605
240
246
905
226
731
909
544
561
253
670
872
940
387
528
755
914
811
638
499
413
451
847
911
541
760
527
913
973
569
337
577
364
939
236
390
670
945
490
230
999
715
902
693
902
985
202
816
550
641
314
763
647
716
428
744
230
755
411
202
879
548
334
242
487
371
433
957
871
723
742
624
437
398
317
894
383
319
709
488
515
578
251
718
849
234
461
880
790
672
637
668
219
527
466
261
453
454
217
323
977
759
748
969
713
620
862
896
494
326
939
810
704
745
527
553
780
543
988
569
770
379
792
789
706
813
851
959
266
623
838
242
938
585
766
650
204
628
300
498
754
238
863
212
784
945
320
563
242
863
687
812
242
233
601
503
847
206
217
913
629
855
711
321
995
476
771
754
659
871
807
968
910
425
981
448
369
300
811
412
964
252
779
761
285
379
819
932
941
836
845
325
445
555
446
439
586
217
748
245
643
555
212
552
780
993
800
704
849
365
671
567
417
450
883
503
384
701
990
881
537
834
205
537
944
206
532
530
779
279
330
422
389
342
774
724
891
329
428
494
249
654
861
467
659
743
525
844
443
514
479
535
904
484
873
602
245
404
687
825
238
817
246
428
715
575
952
605
459
935
899
509
344
514
531
803
812
856
401
254
925
680
345
583
719
773
986
765
732
672
589
770
244
635
753
759
765
460
363
224
394
817
533
293
886
864
897
697
474
853
751
954
533
651
537
251
423
277
571
955
504
960
480
548
349
232
306
915
492
224
694
442
596
226
535
481
645
987
978
674
840
484
382
928
935
719
979
914
551
305
623
856
264
903
403
970
691
265
639
983
289
332
424
441
358
515
722
558
501
700
231
340
739
969
823
673
688
557
341
794
662
765
649
481
422
608
450
913
673
889
651
517
220
630
758
934
945
235
491
446
490
277
341
228
246
965
456
489
521
598
838
738
918
487
218
339
650
469
808
322
913
458
394
934
888
708
622
588
743
669
834
788
501
730
816
302
449
271
346
525
669
985
262
341
471
837
481
921
305
844
798
773
301
747
461
744
454
884
331
752
552
720
539
608
205
910
711
454
982
857
535
405
841
352
547
867
989
583
787
849
426
339
622
282
887
883
581
896
521
713
403
628
988
497
236
993
407
747
202
944
358
537
348
1000
444
450
866
433
833
408
837
814
547
213
651
433
897
232
885
973
500
287
601
487
584
637
480
791
939
482
734
296
574
638
851
818
888
717
806
476
680
643
845
226
411
496
215
307
283
900
836
583
742
436
625
325
628
905
672
321
942
961
417
515
353
824
889
797
295
694
272
775
892
917
801
303
968
571
966
806
225
801
388
767
792
814
648
419
473
319
540
415
835
513
485
744
892
373
540
987
623
612
761
514
283
316
372
807
688
894
612
713
694
556
480
241
925
683
215
397
557
311
367
391
624
653
935
270
826
474
256
448
641
817
518
480
688
690
286
375
583
698
644
833
809
679
874
733
361
644
931
718
755
853
664
934
505
354
203
331
628
259
334
825
631
652
304
319
898
390
249
235
643
693
623
452
927
251
740
287
696
670
560
450
278
224
384
583
378
387
469
561
202
604
941
633
811
244
507
463
990
557
499
633
805
922
640
732
974
379
574
669
605
690
919
683
714
858
265
647
245
290
763
247
694
704
435
259
748
498
523
738
855
822
926
414
498
565
701
471
499
831
695
904
520
369
586
789
226
407
435
271
497
998
874
746
701
865
805
449
362
883
742
772
459
667
986
758
787
442
784
285
272
234
745
347
403
330
936
429
292
370
256
344
923
685
645
379
549
205
383
711
888
925
482
347
346
223
660
933
220
443
773
848
477
517
995
435
403
930
665
250
855
476
395
532
961
840
711
510
845
894
776
488
573
258
635
719
837
294
406
857
292
980
704
325
496
698
560
454
382
780
505
792
255
700
879
772
294
590
281
695
238
857
983
612
670
372
330
506
221
292
362
313
271
621
994
322
874
309
332
255
889
637
602
700
892
481
471
986
626
552
435
419
964
417
831
389
344
717
695
365
809
613
234
635
789
227
512
663
336
644
718
781
280
876
480
727
912
506
468
292
613
703
511
576
676
342
765
820
614
215
986
978
383
219
612
972
802
679
634
939
323
908
474
959
538
509
686
449
815
954
541
427
411
607
558
887
504
323
707
918
894
692
895
832
711
261
803
512
496
993
205
374
655
234
332
993
543
573
441
357
281
537
584
493
699
943
379
203
821
886
921
469
332
571
300
598
387
658
666
438
650
671
612
304
461
500
852
804
873
848
717
710
384
856
202
884
553
937
642
373
578
317
397
710
688
252
308
631
711
774
869
916
1000
236
776
215
536
627
820
964
475
291
673
414
947
430
853
500
367
494
428
500
612
381
765
855
433
873
240
944
401
910
860
957
946
390
727
236
817
301
1000
847
392
673
261
339
903
669
394
825
964
622
324
330
803
890
985
792
517
225
735
474
690
349
986
390
539
712
426
912
814
425
758
761
653
574
900
311
243
849
936
762
226
816
892
584
460
631
375
532
411
911
806
656
815
546
846
910
814
827
576
382
808
889
943
460
463
598
571
261
446
262
823
472
878
469
857
337
655
231
669
867
697
230
522
267
331
924
977
945
750
307
326
312
996
269
573
213
422
699
274
668
761
652
941
393
676
552
530
331
583
755
998
836
540
274
903
671
998
634
371
503
741
252
615
736
321
743
750
298
998
579
767
758
231
462
952
707
814
236
593
952
546
590
787
886
420
444
312
417
878
483
475
373
535
646
910
412
944
414
510
941
548
832
699
334
293
405
597
907
441
990
859
543
335
400
428
555
645
295
527
522
333
803
696
669
203
360
636
947
329
701
643
677
533
897
567
626
301
964
288
297
953
947
395
287
346
624
642
791
474
970
869
608
527
319
832
285
479
467
787
363
723
429
595
255
325
962
437
982
925
525
835
878
471
229
720
372
408
362
719
683
887
587
846
969
706
677
253
740
944
840
658
666
825
252
477
705
214
714
442
939
238
832
571
264
616
291
436
825
208
710
262
895
296
663
863
557
339
671
852
838
510
509
258
890
562
535
595
331
804
837
269
842
668
641
661
283
487
898
663
495
362
480
389
459
943
807
571
281
477
979
674
542
487
733
432
604
267
582
735
872
418
560
468
641
756
930
724
242
582
943
537
744
978
481
758
921
287
329
757
319
863
431
661
349
964
648
509
786
229
799
657
202
358
681
643
914
610
923
956
747
620
247
245
597
528
804
517
615
688
830
489
550
260
706
454
779
353
518
564
939
317
777
696
230
457
339
945
622
817
655
368
436
458
413
588
786
772
906
957
459
490
445
564
550
951
574
328
860
892
692
553
208
468
248
239
480
387
739
902
759
949
825
750
406
794
338
748
565
799
704
580
288
704
699
638
655
272
521
269
965
768
622
728
236
670
522
271
613
260
974
371
765
798
677
971
591
815
473
712
613
977
847
701
681
545
894
891
618
414
715
337
982
336
865
773
561
387
845
974
202
573
901
767
370
332
493
517
947
766
784
314
498
630
815
734
730
463
379
347
677
894
484
413
229
905
742
345
847
586
875
849
959
530
371
884
662
664
956
608
985
494
722
237
924
291
771
654
554
950
556
786
598
596
754
382
255
495
528
902
636
402
750
349
732
921
233
393
339
744
556
880
238
833
917
717
924
443
926
232
948
482
818
546
633
571
483
688
622
811
589
257
768
894
407
254
570
996
202
709
494
558
343
532
390
816
805
869
814
730
901
761
767
473
862
399
845
345
642
221
711
230
278
479
680
240
288
249
791
291
513
285
404
657
372
350
472
977
218
285
462
675
601
228
948
463
984
547
363
380
568
629
967
402
908
646
442
752
695
233
843
207
874
802
664
245
952
691
778
726
531
239
400
933
823
903
951
561
450
869
742
573
497
708
775
961
353
217
712
848
806
309
610
679
911
274
479
863
520
256
343
852
851
298
539
674
200
489
790
205
913
531
579
409
794
353
369
947
926
636
549
486
745
960
720
656
789
1000
273
864
255
972
715
907
269
809
335
825
853
925
831
765
456
965
730
805
873
899
752
554
290
856
840
835
570
560
245
914
559
874
778
369
600
247
831
669
857
966
249
464
646
880
229
657
599
759
461
471
412
212
580
502
624
420
893
749
535
693
663
649
322
996
818
722
242
404
391
654
369
996
919
815
875
703
471
228
461
733
254
428
500
635
486
679
855
378
428
945
626
646
593
748
641
966
470
438
369
416
648
294
411
321
664
841
824
691
624
840
423
678
823
478
312
308
713
722
241
941
666
668
586
814
415
782
780
440
219
704
411
667
798
377
543
462
773
366
708
396
761
686
875
584
964
987
447
431
709
489
371
930
957
512
744
927
849
278
923
869
782
333
290
335
511
634
352
839
555
860
235
872
545
910
210
263
651
457
495
359
746
421
845
457
489
588
384
337
666
306
761
202
995
607
893
260
796
244
900
906
904
935
777
203
599
542
267
249
800
317
409
300
538
253
558
582
396
497
720
617
603
235
374
352
642
267
413
437
311
868
343
771
802
675
529
400
217
596
449
572
468
413
672
562
221
229
944
973
281
418
589
684
454
519
592
896
586
560
889
697
427
787
222
784
461
552
984
478
703
988
605
972
957
277
533
733
862
476
461
944
695
605
382
704
924
774
599
509
333
242
762
315
829
784
899
290
335
637
323
594
625
729
565
336
561
898
624
422
929
885
365
378
490
303
882
413
632
236
723
766
278
239
881
908
823
535
753
714
972
631
307
351
915
672
487
475
324
912
453
808
551
373
987
841
476
868
810
909
659
532
429
738
571
865
400
949
399
708
662
371
894
524
522
809
751
565
839
875
231
291
438
582
465
424
423
741
847
788
404
506
875
633
799
200
498
754
949
452
216
366
623
910
690
701
718
997
265
557
626
296
403
864
678
668
287
656
965
935
443
368
996
317
557
549
317
610
302
822
862
874
988
485
783
432
986
256
428
250
368
855
902
571
718
579
239
561
791
759
250
233
927
245
907
238
594
779
648
451
600
510
324
587
550
662
575
290
718
803
340
886
412
797
212
931
375
251
491
721
565
541
510
246
341
416
285
490
995
733
496
595
798
375
737
347
837
311
437
555
670
332
996
882
929
207
812
860
814
858
580
378
954
645
981
850
861
265
895
611
798
390
761
351
565
497
498
958
364
736
267
834
868
262
470
552
826
838
411
394
695
546
328
404
992
308
253
607
373
704
217
726
894
533
877
214
586
375
972
750
666
238
338
288
856
608
395
436
445
361
631
696
708
759
900
454
867
708
616
795
967
389
520
861
722
953
630
307
883
356
612
548
394
505
391
805
914
587
241
914
748
672
609
210
986
263
219
852
527
636
646
493
825
721
909
546
428
538
409
310
694
576
413
643
882
360
448
795
747
244
708
249
471
873
260
456
691
279
307
217
715
508
266
294
784
975
396
212
268
605
878
517
981
847
961
862
206
964
411
753
763
675
802
233
302
617
489
793
697
596
566
967
659
632
261
998
361
212
765
429
617
643
747
352
489
462
770
495
425
736
803
988
410
604
220
267
777
264
861
473
660
982
995
874
613
811
871
529
823
636
759
995
834
260
903
878
522
672
372
502
407
975
244
373
333
264
440
910
328
856
938
543
837
688
972
204
253
597
534
877
788
848
626
621
908
528
498
985
1000
425
486
963
955
530
891
844
349
886
508
232
742
201
330
333
689
857
894
742
453
983
373
241
585
800
417
492
327
471
231
883
696
517
845
406
602
735
249
506
375
557
538
917
313
423
806
802
279
454
299
287
992
227
328
576
827
301
868
710
572
899
592
823
971
992
228
327
481
833
633
656
946
726
328
258
949
934
861
783
943
715
870
934
742
754
509
324
855
932
834
426
585
425
248
310
416
833
437
697
665
870
352
610
350
235
669
854
724
284
636
666
799
260
354
295
814
663
419
423
349
252
649
734
232
453
844
203
285
836
455
505
460
608
916
610
398
339
218
923
423
654
588
777
470
743
872
839
961
847
262
310
899
711
599
687
719
443
690
804
834
946
309
294
308
780
459
506
919
478
428
897
687
572
673
957
314
299
796
830
946
858
940
600
323
539
286
843
537
776
401
370
476
265
219
584
600
479
646
518
757
874
414
443
445
642
400
314
742
751
945
687
363
639
286
486
978
928
884
269
459
285
996
735
906
214
875
506
493
520
579
249
393
549
248
394
991
203
263
732
754
207
975
917
402
816
958
935
744
842
204
202
682
1000
492
342
769
366
648
818
686
783
622
635
331
670
584
321
673
647
609
982
410
583
898
612
954
611
546
697
207
305
454
444
860
502
586
629
668
790
446
910
572
623
299
703
293
438
824
766
640
988
503
850
570
956
216
524
566
318
776
573
423
786
817
839
287
959
467
510
748
468
975
875
891
829
577
739
266
956
260
462
944
563
867
268
518
884
347
640
757
679
212
980
464
585
818
306
298
840
371
846
863
902
475
509
485
852
803
307
562
863
569
260
981
435
329
499
874
231
939
630
710
706
365
729
846
738
835
944
333
762
544
996
418
819
259
703
425
618
810
788
480
378
848
461
614
732
515
242
764
208
673
473
469
838
202
315
575
592
814
708
909
358
459
326
732
273
830
958
691
394
500
727
573
903
743
742
635
257
784
954
821
211
426
289
849
984
960
424
331
774
687
239
932
946
922
418
775
506
375
465
700
675
992
828
578
734
569
768
546
909
721
366
920
702
211
769
686
971
748
572
744
990
366
430
691
287
649
465
593
579
485
849
810
477
676
943
766
801
710
868
709
986
233
628
687
800
952
928
771
454
499
269
1000
666
255
690
508
704
710
657
838
995
505
647
226
981
589
548
781
854
415
244
839
203
428
281
804
379
208
574
389
263
398
388
484
453
633
547
712
342
203
550
336
508
752
919
244
341
466
580
750
681
380
344
684
608
425
487
542
989
616
486
807
815
674
290
823
306
393
535
203
396
885
340
460
636
258
259
532
524
394
282
760
574
426
443
982
406
731
279
394
902
565
757
716
795
602
539
656
795
629
660
992
513
555
206
704
368
265
792
447
459
629
206
834
610
449
570
816
735
649
765
637
214
521
908
809
679
201
464
473
630
679
464
943
233
470
402
401
290
749
648
550
377
654
939
787
659
508
357
393
713
677
585
727
754
493
290
432
494
309
705
925
789
725
622
822
750
579
779
841
327
426
946
504
636
884
846
294
391
758
242
904
991
628
385
744
921
230
731
970
340
991
894
684
715
271
260
220
650
839
861
778
821
561
837
211
444
438
305
390
751
903
850
741
530
234
239
205
821
525
731
716
516
624
399
786
450
214
806
901
609
421
433
985
782
825
996
781
262
856
972
569
758
821
865
844
610
905
604
986
985
334
701
500
514
655
286
764
425
647
419
834
869
652
818
405
477
813
987
294
668
713
663
981
533
528
824
698
988
984
684
972
317
940
472
386
350
313
951
575
760
925
408
383
577
781
589
854
593
330
948
816
843
611
796
931
694
375
383
681
358
622
652
230
562
679
973
467
792
678
842
307
602
249
490
979
585
634
587
978
764
535
548
361
701
899
291
950
273
230
630
987
652
837
773
769
516
745
235
863
978
632
970
579
436
215
558
821
649
945
553
969
234
901
329
490
800
977
439
628
762
624
370
413
461
698
738
532
998
528
394
975
961
920
553
396
935
666
217
338
366
570
306
956
226
992
446
826
723
440
208
484
865
378
697
325
631
990
657
628
518
606
602
233
280
711
429
770
376
201
909
297
572
770
253
353
516
254
734
238
494
742
522
358
676
775
483
306
764
695
735
837
857
336
870
937
847
299
462
779
856
370
876
983
695
684
335
211
738
869
805
232
611
327
390
842
902
429
948
420
679
682
257
290
574
927
227
976
781
489
754
637
414
385
619
664
869
755
430
607
623
235
394
789
918
584
630
819
568
578
238
803
815
851
893
944
778
675
920
313
964
428
750
933
368
925
352
793
679
582
399
857
372
348
401
289
487
831
908
856
964
702
413
534
552
305
477
885
781
952
999
499
936
503
988
859
427
339
651
661
476
605
273
649
753
474
738
240
304
401
651
824
658
864
357
765
969
389
650
504
897
403
804
832
706
546
690
689
685
897
349
716
501
422
364
254
696
658
294
556
859
745
379
271
363
291
836
331
480
240
391
376
443
750
763
705
295
208
393
535
905
297
250
961
520
415
214
771
628
864
882
241
363
816
312
526
907
948
413
943
989
604
874
987
353
392
691
448
400
884
783
860
737
588
820
256
558
590
582
986
453
219
226
617
835
894
698
497
597
911
995
340
514
623
326
422
815
573
670
770
211
207
629
748
351
204
559
709
594
942
695
602
961
476
774
550
926
472
847
522
938
596
662
207
219
543
429
834
916
655
359
928
417
543
675
568
547
234
277
696
731
527
298
446
558
872
551
483
343
954
560
281
549
777
844
568
320
272
958
791
727
316
473
700
414
949
267
762
738
900
212
223
426
310
224
540
983
575
823
881
528
939
717
878
715
560
200
590
388
958
381
670
829
654
369
799
357
437
315
650
892
327
673
874
438
697
413
976
828
791
611
355
729
328
788
444
443
789
834
631
501
770
301
886
424
470
684
336
462
799
787
910
926
459
783
919
712
996
894
539
786
260
449
270
388
237
269
631
826
658
818
326
428
919
211
407
944
450
543
962
248
885
871
730
900
408
648
611
403
297
705
744
357
954
569
300
991
638
486
571
296
859
698
524
777
464
486
476
470
584
993
518
469
618
803
368
826
206
534
784
303
238
527
215
747
897
871
738
289
912
308
385
771
561
464
302
581
750
578
851
890
325
924
358
743
727
526
323
733
860
907
591
653
434
361
399
886
787
692
975
698
556
916
468
672
935
571
252
440
704
658
329
830
337
487
327
864
568
451
351
983
913
497
635
346
413
589
787
1000
281
517
697
637
988
721
864
922
291
672
361
550
329
245
935
466
287
262
885
655
268
791
637
981
287
827
883
500
416
424
254
252
496
752
444
483
472
307
961
318
779
877
668
664
923
603
685
209
420
325
665
243
916
857
779
759
439
661
814
655
641
869
462
937
375
706
420
402
568
380
520
347
256
743
566
734
901
250
744
876
931
964
674
847
575
453
360
814
669
974
468
309
842
730
246
772
991
221
974
559
957
248
461
768
547
827
502
447
632
801
879
563
764
552
965
338
560
324
708
229
297
976
894
695
461
695
466
206
716
440
565
427
488
581
996
835
963
252
838
595
608
471
713
927
578
677
264
939
801
527
723
653
503
616
347
519
311
614
280
582
854
401
810
897
782
560
487
745
367
880
895
775
906
607
701
483
283
520
977
639
848
699
291
906
315
439
980
426
608
259
808
216
460
372
913
798
732
955
542
654
589
436
428
494
598
929
778
681
449
754
875
852
453
966
757
323
404
736
304
812
795
667
583
811
840
496
608
326
205
950
781
595
941
208
889
538
693
421
774
697
976
648
548
984
368
304
862
328
595
966
695
945
632
278
755
226
574
362
353
334
867
689
729
562
697
618
655
945
594
428
641
569
631
989
307
800
848
969
928
442
934
377
387
321
455
942
347
584
860
500
719
481
989
447
844
441
620
498
385
214
482
582
338
913
570
201
467
974
970
950
415
659
327
357
780
582
855
927
967
714
983
685
995
726
687
593
722
863
892
663
632
373
244
770
841
369
771
864
342
496
813
313
955
695
470
489
277
324
971
799
593
953
238
343
434
725
736
956
342
382
373
774
310
417
544
952
587
870
570
484
365
382
597
875
633
623
363
465
502
334
263
651
842
301
794
275
581
284
787
479
467
960
252
577
377
596
283
519
221
653
803
386
591
956
817
223
578
980
488
880
313
306
530
956
963
879
786
298
964
572
577
986
287
630
317
464
781
957
538
802
609
896
744
755
851
560
778
428
294
821
864
964
927
949
674
889
828
459
988
546
587
564
286
674
994
403
693
530
359
230
331
524
681
630
278
532
745
612
515
840
432
934
803
359
883
476
803
465
490
545
811
632
910
652
305
658
855
553
988
770
338
875
293
820
259
927
351
805
538
421
399
526
355
201
440
237
232
242
257
277
588
868
710
252
274
570
465
929
924
453
453
817
883
301
636
942
784
542
501
321
764
700
402
674
456
642
711
243
440
768
321
583
390
586
635
464
711
900
948
389
908
957
206
545
257
397
487
596
740
788
718
258
243
675
732
499
317
998
543
312
520
419
695
465
560
885
484
270
539
987
460
447
943
466
547
756
418
834
351
958
377
624
771
420
299
257
474
972
254
817
839
329
791
533
594
350
973
878
421
511
865
436
513
807
457
861
317
675
449
469
388
381
648
959
601
747
772
631
473
826
202
311
711
794
399
304
699
371
983
675
438
602
911
506
964
923
366
281
598
371
305
786
552
753
499
709
255
270
339
283
652
897
395
362
690
594
466
389
521
203
619
759
360
530
820
324
452
742
961
605
913
265
390
219
573
445
483
383
515
377
467
967
274
417
884
764
566
350
708
887
909
327
400
269
412
220
949
419
762
909
825
429
729
770
448
857
770
732
240
285
909
262
807
983
479
691
502
600
596
765
242
259
647
442
884
859
217
832
834
534
740
658
518
468
983
522
881
753
809
676
593
472
738
955
455
772
400
512
371
551
832
413
611
479
411
494
337
984
326
726
273
621
939
591
645
922
668
525
429
476
200
822
749
738
531
759
264
732
270
991
282
902
404
693
380
370
743
273
909
624
554
982
244
493
328
689
970
796
769
398
272
769
775
576
261
305
334
325
837
404
872
675
861
831
923
797
200
665
625
664
288
979
646
889
226
529
332
996
880
902
393
707
670
723
282
487
584
416
367
420
375
238
650
792
869
573
588
624
237
768
288
882
501
489
770
528
818
902
523
697
803
472
960
228
995
241
515
578
458
437
554
633
476
203
424
344
331
567
524
369
890
612
806
391
901
575
474
473
231
797
725
590
824
684
373
574
726
443
707
739
680
816
371
956
820
351
856
951
473
379
875
363
546
680
309
201
810
583
474
597
935
999
987
514
438
359
888
719
357
594
457
837
410
383
548
785
289
959
490
563
893
921
481
438
355
345
439
966
483
468
562
973
221
303
486
459
217
373
978
374
523
990
766
488
373
313
828
462
271
873
580
719
793
861
957
949
205
951
669
243
418
786
216
996
889
502
454
906
431
988
835
509
977
600
797
905
469
379
367
295
251
747
815
845
363
526
548
924
232
772
968
205
557
984
200
200
485
210
661
716
998
495
224
729
650
576
634
919
755
801
214
562
302
584
406
465
910
509
389
942
280
912
948
392
895
948
392
379
713
853
651
710
347
430
995
552
562
628
471
872
984
485
433
841
869
394
306
533
703
250
475
538
962
978
730
611
680
677
545
393
529
996
658
431
982
652
784
543
279
810
970
818
294
403
659
718
597
520
806
856
325
836
393
842
813
679
452
248
911
552
997
440
548
654
426
284
306
765
382
941
574
351
514
423
554
728
696
952
247
502
562
928
337
510
769
706
744
776
754
655
327
750
650
430
959
876
269
264
641
451
761
214
603
830
994
712
557
689
418
604
991
780
286
328
290
610
589
834
941
342
488
823
647
938
253
605
569
322
425
765
329
741
534
487
570
527
999
927
216
417
285
206
752
371
890
597
536
478
431
476
375
474
298
822
968
907
983
291
229
963
856
914
703
389
400
828
717
398
509
733
370
594
494
923
520
384
274
856
662
505
887
838
535
985
414
257
892
952
348
676
914
759
589
371
948
544
999
419
742
507
707
668
656
201
345
731
385
419
341
602
480
227
995
570
768
965
627
659
916
530
890
585
288
478
756
791
822
755
766
318
817
472
541
228
473
686
759
413
661
901
571
941
683
565
510
450
284
692
664
200
777
553
585
620
586
896
966
963
650
731
281
222
203
622
250
231
864
564
445
524
219
816
219
458
936
284
708
220
776
372
776
552
480
916
727
867
811
692
829
216
423
665
794
982
843
599
212
706
963
457
785
738
828
804
996
519
888
458
294
418
630
870
525
666
785
251
532
350
743
360
366
721
581
715
702
423
313
715
929
276
727
713
569
310
271
564
629
959
822
723
932
207
347
456
673
687
262
760
837
805
675
759
281
255
473
783
478
587
497
962
418
780
429
787
890
500
906
518
213
482
796
945
244
943
956
472
629
217
231
465
578
462
779
659
517
252
441
551
394
494
512
367
273
742
954
963
241
614
235
811
896
831
755
941
773
466
412
401
483
1000
421
616
461
200
274
778
808
271
328
201
565
396
924
638
938
632
355
734
245
390
544
696
220
855
636
548
320
604
749
358
358
725
775
619
725
849
952
287
920
836
844
239
231
767
432
724
398
587
457
443
532
802
695
307
411
886
655
531
489
959
444
647
684
218
821
964
623
773
807
297
608
650
337
394
417
324
918
370
712
374
369
799
731
864
662
942
749
316
227
794
831
472
996
269
245
817
788
668
589
594
766
752
244
658
946
216
537
863
386
804
236
310
603
523
974
264
464
478
936
247
271
766
519
266
590
564
883
378
788
226
772
308
778
571
521
478
587
858
340
529
662
933
639
264
455
368
884
474
646
819
276
472
340
595
538
730
715
977
908
502
758
435
365
291
806
686
569
949
543
465
232
204
397
426
824
407
594
707
436
795
281
513
266
421
663
360
706
377
336
369
434
894
604
599
985
965
284
309
913
383
574
945
387
771
927
767
733
520
473
724
871
309
236
937
530
455
296
236
387
988
405
622
882
564
776
621
528
616
730
441
799
303
941
741
629
622
507
917
943
536
396
813
645
988
504
976
442
356
767
630
343
727
807
224
290
582
401
373
998
686
369
796
545
866
537
729
487
844
401
429
935
597
797
580
584
857
310
827
212
877
456
355
358
262
936
203
399
892
376
397
577
546
748
922
411
284
406
698
684
607
683
618
203
234
753
587
891
863
969
658
739
980
814
652
797
504
655
997
395
832
393
527
377
696
204
588
781
410
841
219
817
523
392
575
313
946
717
203
808
686
417
302
665
230
754
462
289
409
213
239
240
962
566
973
657
570
315
993
535
956
211
351
234
960
481
347
905
999
906
467
684
322
569
904
908
879
921
997
843
934
235
638
895
357
610
552
727
480
544
818
435
311
724
224
270
205
371
730
203
833
997
442
955
321
345
863
1000
822
614
842
755
405
234
405
562
644
512
844
679
611
661
914
722
385
694
547
390
620
276
949
452
829
390
407
950
290
825
704
912
438
300
422
398
334
627
760
533
939
604
211
549
820
680
827
204
373
373
950
549
205
898
801
834
843
763
538
934
342
797
600
336
897
822
534
786
203
294
318
697
453
885
246
272
564
628
277
493
556
226
842
316
680
397
705
522
961
242
210
858
839
611
994
490
988
528
275
992
377
949
688
630
833
489
702
397
672
534
445
228
316
286
900
796
483
605
317
999
402
328
857
241
739
605
286
481
933
362
227
865
866
471
494
699
760
752
651
988
841
896
771
957
737
670
752
219
274
870
774
477
998
385
273
491
790
359
527
478
276
555
342
698
826
392
396
340
699
847
327
539
497
898
496
233
323
247
252
397
672
581
429
424
766
257
470
311
973
798
589
248
352
486
746
978
433
697
873
932
298
200
471
595
653
522
628
776
569
436
729
797
572
713
220
338
771
491
204
743
288
593
546
996
634
848
728
868
544
600
554
643
355
825
793
809
902
977
339
471
412
623
823
784
336
843
677
907
889
681
649
977
829
995
727
218
842
454
886
942
855
439
339
765
820
932
573
721
908
468
747
875
891
569
414
782
968
891
688
856
327
892
588
711
642
314
729
238
569
614
980
979
609
318
743
984
806
872
459
468
339
206
343
785
330
557
567
297
202
810
709
885
702
296
596
343
410
324
381
534
494
917
512
658
790
811
641
350
682
900
619
576
661
517
916
792
629
482
644
386
848
352
271
304
203
667
447
970
546
383
503
840
855
816
497
400
626
693
550
863
593
969
438
809
240
353
355
669
391
800
856
794
707
927
898
466
348
900
435
694
838
738
289
693
308
341
893
489
835
998
351
983
967
344
791
762
253
947
431
1000
501
286
793
763
768
445
228
671
344
463
364
737
757
208
429
865
350
877
910
985
875
260
967
596
961
512
357
769
458
343
768
514
985
315
277
507
315
305
978
459
324
898
996
881
906
981
500
811
612
409
795
241
225
516
392
986
829
305
509
842
448
832
356
989
947
989
495
817
293
473
275
973
370
826
608
831
561
909
642
974
317
992
770
898
508
963
638
892
267
947
488
270
778
399
258
479
387
554
295
236
827
926
208
752
507
617
337
868
280
779
596
953
526
366
851
834
884
488
480
951
991
768
220
768
968
835
803
354
388
898
946
770
579
955
276
886
326
413
508
406
748
905
358
829
826
208
662
709
252
697
414
242
219
990
565
742
824
367
652
767
821
597
291
399
551
367
840
677
336
347
638
639
807
797
467
387
805
684
651
857
936
865
654
955
610
219
697
433
386
904
756
762
500
847
961
607
770
555
839
906
458
477
299
264
273
566
207
633
805
658
245
740
278
699
694
688
473
946
676
660
849
431
421
349
834
938
511
603
247
349
263
505
626
362
325
454
728
332
888
532
545
933
271
623
386
520
310
660
466
787
875
870
773
851
774
606
543
284
764
591
434
827
651
615
989
776
870
471
663
757
558
208
444
384
386
385
705
497
845
726
839
474
595
366
325
369
528
423
208
291
814
442
919
465
858
907
796
727
378
214
238
491
222
482
676
408
422
380
460
823
906
854
296
255
776
977
980
303
400
989
950
769
986
868
789
843
530
585
324
463
599
362
754
376
399
429
339
377
609
355
1000
269
764
295
881
539
828
615
397
783
603
347
551
344
214
340
987
299
480
867
562
634
784
316
565
739
300
459
916
465
614
915
289
934
765
970
227
347
585
425
930
743
572
481
887
341
376
629
997
411
250
558
600
834
429
720
327
530
979
798
550
348
467
639
281
232
364
864
935
504
288
865
246
415
901
689
312
276
873
308
242
923
421
642
511
651
361
639
736
895
436
285
242
704
479
879
491
643
743
425
947
586
845
994
802
745
437
669
821
309
777
618
787
998
259
297
403
976
491
694
871
728
534
668
987
814
547
232
456
845
457
959
430
858
707
231
602
944
700
979
808
231
596
594
785
411
446
743
386
738
437
812
220
526
235
206
339
582
238
351
982
250
309
411
908
816
999
510
514
453
243
321
485
639
470
825
605
716
567
547
453
804
358
473
330
393
479
224
530
272
931
511
879
239
478
541
610
476
606
924
729
649
800
769
288
269
593
693
786
961
239
238
519
954
267
404
902
301
985
988
374
915
253
808
955
531
348
319
562
755
799
291
403
598
615
246
423
208
495
208
969
534
802
242
242
869
447
700
726
431
687
900
345
740
462
855
827
610
730
388
364
528
234
568
681
650
614
904
413
909
912
937
999
469
979
796
893
981
495
618
967
982
272
868
477
534
722
303
945
206
246
864
534
281
431
215
486
601
919
454
264
586
390
818
610
368
614
502
905
909
676
871
646
748
738
678
838
215
781
537
221
582
400
556
418
632
326
459
788
800
713
852
385
903
425
795
827
839
853
731
502
528
356
703
275
895
380
668
665
716
204
686
854
405
797
271
592
678
531
379
478
243
786
663
702
210
213
283
604
866
814
662
393
725
920
223
374
300
692
839
571
451
525
424
656
877
251
247
555
582
982
833
380
768
250
637
533
263
720
693
684
288
910
877
814
829
656
988
684
903
827
255
353
907
234
810
538
285
612
893
422
594
480
358
917
531
795
204
349
515
697
834
358
361
710
972
991
921
715
674
823
296
484
977
202
519
541
540
359
953
989
582
546
468
495
462
799
289
467
949
359
719
537
273
881
246
244
626
723
514
299
545
610
339
276
612
413
617
708
327
570
451
464
671
719
759
689
273
604
956
777
763
429
313
591
865
915
636
490
637
950
345
738
315
484
814
727
452
431
990
579
556
440
844
226
715
602
715
788
205
425
319
524
410
432
915
274
902
305
565
539
811
465
832
926
504
645
407
756
631
953
890
987
948
733
213
662
891
483
204
651
709
323
730
919
310
400
748
212
260
868
306
871
332
938
551
636
337
514
947
769
221
592
755
969
324
523
631
770
807
390
977
270
514
706
744
379
661
246
391
722
915
252
347
802
745
454
994
883
768
940
651
789
531
961
512
411
239
943
736
846
333
712
671
402
974
970
581
634
215
528
355
930
335
503
732
881
757
725
518
279
419
724
623
506
684
935
472
478
633
207
323
521
720
549
478
693
518
859
326
534
942
237
463
277
295
750
713
607
229
230
686
449
754
864
510
993
798
782
471
986
789
349
506
263
699
539
511
772
398
393
305
895
430
324
727
280
629
439
687
659
469
928
663
778
791
973
526
343
509
552
885
853
456
946
917
710
485
427
482
438
375
342
332
360
466
860
440
651
298
927
309
323
854
527
656
399
499
737
298
808
288
983
660
300
683
331
810
968
314
291
405
489
990
538
650
210
953
890
661
250
572
770
929
981
852
340
936
350
877
789
713
721
526
929
821
208
815
630
977
929
477
381
974
221
474
378
231
426
823
693
232
950
217
716
931
870
856
621
775
733
409
243
453
735
972
829
743
541
213
719
225
490
656
999
511
930
932
298
912
754
791
699
459
563
414
389
432
270
810
763
803
218
806
811
753
532
394
250
873
407
770
898
453
981
651
519
665
337
617
576
647
963
274
906
526
489
850
513
314
659
275
672
432
881
482
740
968
431
790
841
638
314
493
646
294
700
966
760
592
337
335
238
300
966
944
381
209
793
694
323
206
770
795
994
405
832
733
373
262
523
769
455
392
817
902
487
271
622
246
664
759
937
702
614
657
401
795
666
749
489
789
511
814
583
504
774
970
237
702
231
315
470
487
507
843
944
549
914
565
350
577
323
843
835
738
499
791
287
721
539
576
264
850
945
648
910
719
372
947
420
