237
945
686
495
664
900
453
266
935
426
259
222
502
630
232
204
395
551
936
651
910
388
449
629
325
397
694
807
948
588
556
740
533
797
790
752
696
243
573
630
224
632
407
526
817
996
286
211
301
221
418
210
966
667
640
290
619
889
897
321
476
452
862
809
805
406
315
500
204
688
686
785
875
893
310
692
643
952
458
745
729
431
755
694
898
950
539
517
838
435
638
314
442
254
678
246
216
794
302
220
236
543
805
912
991
671
358
634
377
371
378
661
603
688
910
255
638
448
327
475
438
521
344
681
575
823
482
346
371
339
923
963
682
482
629
673
708
787
862
886
714
239
301
316
482
211
371
920
459
499
951
698
575
850
934
705
427
971
852
598
310
774
316
547
255
745
219
519
532
636
404
801
430
505
917
713
271
843
632
531
897
337
784
471
988
472
977
414
442
828
568
552
356
684
655
967
428
674
485
515
310
444
315
540
505
787
808
576
630
996
662
281
332
200
553
875
472
284
845
715
667
412
822
823
651
476
544
634
706
585
950
571
584
820
666
644
362
474
220
547
469
437
628
356
438
736
231
465
820
876
980
486
843
557
864
493
833
964
927
293
548
631
664
687
206
886
331
368
359
907
470
383
343
898
539
336
634
325
602
208
200
336
495
598
693
914
891
526
877
573
374
980
759
839
667
765
724
553
688
638
459
958
821
602
611
915
494
800
240
896
808
796
231
858
950
725
772
595
806
403
968
980
939
482
573
360
802
852
713
490
489
972
202
865
328
368
535
622
968
330
272
531
681
304
388
630
584
715
225
389
919
748
924
857
229
252
216
832
904
484
877
949
455
634
568
338
803
903
761
525
232
588
856
469
692
244
899
831
759
924
775
432
672
699
844
456
751
615
843
409
899
719
357
909
909
481
247
711
383
563
791
972
951
647
440
398
446
338
228
760
818
804
993
244
257
836
255
563
451
899
772
905
617
685
814
525
966
861
791
904
979
582
875
929
784
870
882
229
764
911
789
581
469
536
380
526
928
435
889
934
333
415
838
506
900
651
586
865
266
377
769
244
514
398
729
853
268
610
882
832
275
425
968
544
762
347
625
444
337
513
377
471
729
214
532
383
421
918
248
487
850
572
287
363
770
571
215
593
736
652
424
812
878
947
911
394
293
536
638
431
604
815
457
332
584
789
516
805
706
319
848
556
691
690
474
215
260
245
609
796
452
588
362
885
535
273
278
383
364
471
369
768
841
381
656
981
970
727
785
431
601
387
542
847
877
571
862
692
371
225
243
624
369
405
508
704
233
342
642
397
368
567
721
209
748
932
990
718
658
529
704
258
717
245
905
348
371
521
596
543
547
639
967
716
599
229
975
633
371
371
585
540
738
861
304
486
792
849
759
204
377
462
818
649
262
477
553
989
799
949
531
901
342
252
371
741
838
901
929
208
271
514
303
810
930
963
851
722
811
609
481
744
626
299
392
443
576
500
431
930
448
518
830
590
325
756
887
963
656
815
727
483
328
585
848
814
548
698
535
914
862
571
657
242
670
605
240
246
905
226
731
909
544
561
253
670
872
940
387
528
755
914
811
638
499
413
451
847
911
541
760
527
913
973
569
337
577
364
939
236
390
670
945
490
230
999
715
902
693
902
985
202
816
550
641
314
763
647
716
428
744
230
755
411
202
879
548
334
242
487
371
433
957
871
723
742
624
437
398
317
894
383
319
709
488
515
578
251
718
849
234
461
880
790
672
637
668
219
527
466
261
453
454
217
323
977
759
748
969
713
620
862
896
494
326
939
810
704
745
527
553
780
543
988
569
770
379
792
789
706
813
851
959
266
623
838
242
938
585
766
650
204
628
300
498
754
238
863
212
784
945
320
563
242
863
687
812
242
233
601
503
847
206
217
913
629
855
711
321
995
476
771
754
659
871
807
968
910
425
981
448
369
300
811
412
964
252
779
761
285
379
819
932
941
836
845
325
445
555
446
439
586
217
748
245
643
555
212
552
780
993
800
704
849
365
671
567
417
450
883
503
384
701
990
881
537
834
205
537
944
206
532
530
779
279
330
422
389
342
774
724
891
329
428
494
249
654
861
467
659
743
525
844
443
514
479
535
904
484
873
602
245
404
687
825
238
817
246
428
715
575
952
605
459
935
899
509
344
514
531
803
812
856
401
254
925
680
345
583
719
773
986
765
732
672
589
770
244
635
753
759
765
460
363
224
394
817
533
293
886
864
897
697
474
853
751
954
533
651
537
251
423
277
571
955
504
960
480
548
349
232
306
915
492
224
694
442
596
226
535
481
645
987
978
674
840
484
382
928
935
719
979
914
551
305
623
856
264
903
403
970
691
265
639
983
289
332
424
441
358
515
722
558
501
700
231
340
739
969
823
673
688
557
341
794
662
765
649
481
422
608
450
913
673
889
651
517
220
630
758
934
945
235
491
446
490
277
341
228
246
965
456
489
521
598
838
738
918
487
218
339
650
469
808
322
913
458
394
934
888
708
622
588
743
669
834
788
501
730
816
302
449
271
346
525
669
985
262
341
471
837
481
921
305
844
798
773
301
747
461
744
454
884
331
752
552
720
539
608
205
910
711
454
982
857
535
405
841
352
547
867
989
583
787
849
426
339
622
282
887
883
581
896
521
713
403
628
988
497
236
993
407
747
202
944
358
537
348
1000
444
450
866
433
833
408
837
814
547
213
651
433
897
232
885
973
500
287
601
487
584
637
480
791
939
482
734
296
574
638
851
818
888
717
806
476
680
643
845
226
411
496
215
307
283
900
836
583
742
436
625
325
628
905
672
321
942
961
417
515
353
824
889
797
295
694
272
775
892
917
801
303
968
571
966
806
225
801
388
767
792
814
648
419
473
319
540
415
835
513
485
744
892
373
540
987
623
612
761
514
283
316
372
807
688
894
612
713
694
556
480
241
925
683
215
397
557
311
367
391
624
653
935
270
826
474
256
448
641
817
518
480
688
690
286
375
583
698
644
833
809
679
874
733
361
644
931
718
755
853
664
934
505
354
203
331
628
259
334
825
631
652
304
319
898
390
249
235
643
693
623
452
927
251
740
287
696
670
560
450
278
224
384
583
378
387
469
561
202
604
941
633
811
244
507
463
990
557
499
633
805
922
640
732
974
379
574
669
605
690
919
683
714
858
265
647
245
290
763
247
694
704
435
259
748
498
523
738
855
822
926
414
498
565
701
471
499
831
695
904
520
369
586
789
226
407
435
271
497
998
874
746
701
865
805
449
362
883
742
772
459
667
986
758
787
442
784
285
272
234
745
347
403
330
936
429
292
370
256
344
923
685
645
379
549
205
383
711
888
925
482
347
346
223
660
933
220
443
773
848
477
517
995
435
403
930
665
250
855
476
395
532
961
840
711
510
845
894
776
488
573
258
635
719
837
294
406
857
292
980
704
325
496
698
560
454
382
780
505
792
255
700
879
772
294
590
281
695
238
857
983
612
670
372
330
506
221
292
362
313
271
621
994
322
874
309
332
255
889
637
602
700
892
481
471
986
626
552
435
419
964
417
831
389
344
717
695
365
809
613
234
635
789
227
512
663
336
644
718
781
280
876
480
727
912
506
468
292
613
703
511
576
676
342
765
820
614
215
986
978
383
219
612
972
802
679
634
939
323
908
474
959
538
509
686
449
815
954
541
427
411
607
558
887
504
323
707
918
894
692
895
832
711
261
803
512
496
993
205
374
655
234
332
993
543
573
441
357
281
537
584
493
699
943
379
203
821
886
921
469
332
571
300
598
387
658
666
438
650
671
612
304
461
500
852
804
873
848
717
710
384
856
202
884
553
937
642
373
578
317
397
710
688
252
308
631
711
774
869
916
1000
236
776
215
536
627
820
964
475
291
673
414
947
430
853
500
367
494
428
500
612
381
765
855
433
873
240
944
401
910
860
957
946
390
727
236
817
301
1000
847
392
673
261
339
903
669
394
825
964
622
324
330
803
890
985
792
517
225
735
474
690
349
986
390
539
712
426
912
814
425
758
761
653
574
900
311
243
849
936
762
226
816
892
584
460
631
375
532
411
911
806
656
815
546
846
910
814
827
576
382
808
889
943
460
463
598
571
261
446
262
823
472
878
469
857
337
655
231
669
867
697
230
522
267
331
924
977
945
750
307
326
312
996
269
573
213
422
699
274
668
761
652
941
393
676
552
530
331
583
755
998
836
540
274
903
671
998
634
371
503
741
252
615
736
321
743
750
298
998
579
767
758
231
462
952
707
814
236
593
952
546
590
787
886
420
444
312
417
878
483
475
373
535
646
910
412
944
414
510
941
548
832
699
334
293
405
597
907
441
990
859
543
335
400
428
555
645
295
527
522
333
803
696
669
203
360
636
947
329
701
643
677
533
897
567
626
301
964
288
297
953
947
395
287
346
624
642
791
474
970
869
608
527
319
832
285
479
467
787
363
723
429
595
255
325
962
437
982
925
525
835
878
471
229
720
372
408
362
719
683
887
587
846
969
706
677
253
740
944
840
658
666
825
252
477
705
214
714
442
939
238
832
571
264
616
291
436
825
208
710
262
895
296
663
863
557
339
671
852
838
510
509
258
890
562
535
595
331
804
837
269
842
668
641
661
283
487
898
663
495
362
480
389
459
943
807
571
281
477
