							***MERGE SORT ALGORITHM***
200
200
202
202
202
202
202
202
203
203
203
204
204
204
204
205
205
205
205
206
206
206
208
208
208
209
210
211
211
212
212
213
213
214
214
215
215
215
215
215
215
216
216
217
217
217
218
219
219
219
220
220
220
220
221
221
222
223
224
224
224
224
225
225
225
225
226
226
226
226
226
227
228
228
229
229
229
229
230
230
230
231
231
231
231
231
232
232
232
232
233
233
234
234
234
234
235
235
236
236
236
236
236
236
237
238
238
238
238
239
240
240
240
241
242
242
242
242
242
243
243
243
244
244
244
244
244
245
245
245
245
245
246
246
246
246
247
247
248
249
249
250
251
251
251
252
252
252
252
252
252
253
253
254
254
255
255
255
255
255
255
256
256
257
258
258
258
259
259
259
260
261
261
261
261
262
262
262
262
264
264
265
265
266
266
266
267
268
269
269
270
271
271
271
271
271
272
272
272
273
274
274
275
277
277
278
278
279
280
281
281
281
281
282
283
283
283
284
285
285
285
286
286
287
287
287
287
288
289
290
290
291
291
292
292
292
292
293
293
293
293
294
294
295
295
296
296
297
298
299
300
300
300
301
301
301
301
301
302
302
303
303
304
304
304
304
305
305
306
307
307
308
309
310
310
310
311
311
312
312
313
314
314
315
315
316
316
316
317
317
319
319
319
319
319
320
321
321
321
321
322
322
323
323
323
324
325
325
325
325
325
325
325
326
326
327
328
328
329
329
330
330
330
330
330
331
331
331
331
331
331
332
332
332
332
332
332
333
333
334
334
334
335
336
336
336
337
337
337
337
338
338
339
339
339
339
339
340
341
341
341
342
342
342
342
343
344
344
344
344
345
346
346
346
346
347
347
347
348
348
349
349
352
353
354
356
356
357
357
358
358
358
359
360
360
361
362
362
362
362
362
362
363
363
363
364
364
365
365
367
367
368
368
368
369
369
369
369
370
371
371
371
371
371
371
371
371
371
371
372
372
372
373
373
373
374
374
375
375
377
377
377
377
378
378
379
379
379
379
379
380
381
381
382
382
382
383
383
383
383
383
383
383
384
384
384
387
387
387
387
388
388
388
389
389
389
389
390
390
390
390
391
392
392
393
394
394
394
394
395
395
395
397
397
397
397
398
398
398
400
401
401
403
403
403
403
403
404
404
405
405
405
406
406
407
407
407
408
408
409
411
411
411
411
412
412
412
413
414
414
414
414
415
415
417
417
417
417
418
419
419
420
421
422
422
422
423
424
424
425
425
425
426
426
426
427
427
428
428
428
428
428
428
429
429
430
430
431
431
431
431
432
433
433
433
433
435
435
435
435
435
435
436
436
437
437
437
438
438
438
439
440
441
441
441
442
442
442
442
442
443
443
443
444
444
444
444
445
446
446
446
446
448
448
448
448
449
449
449
449
450
450
450
450
451
451
452
452
452
453
453
454
454
454
454
455
456
456
457
458
458
459
459
459
459
459
460
460
460
461
461
461
462
462
463
463
465
466
467
467
468
469
469
469
469
469
469
469
470
471
471
471
471
471
471
471
472
472
472
473
474
474
474
474
474
474
474
475
475
475
476
476
476
476
476
477
477
477
477
479
479
480
480
480
480
480
480
481
481
481
481
481
481
482
482
482
482
482
482
483
483
484
484
484
485
485
486
486
487
487
487
487
487
488
488
489
489
490
490
490
491
492
493
493
494
494
494
494
495
495
495
496
496
496
497
497
498
498
498
499
499
499
499
500
500
500
500
500
500
501
501
502
503
503
503
504
504
505
505
505
505
506
506
506
507
508
509
509
509
510
510
510
511
512
512
513
513
514
514
514
514
514
515
515
515
515
516
517
517
517
517
518
518
519
520
521
521
521
521
522
522
523
525
525
525
525
525
526
526
526
527
527
527
527
527
528
529
530
530
531
531
531
531
532
532
532
532
532
533
533
533
533
535
535
535
535
535
535
535
535
536
536
536
537
537
537
537
537
538
539
539
539
539
540
540
540
540
540
541
541
542
543
543
543
543
543
544
544
544
546
546
547
547
547
547
547
548
548
548
548
548
549
550
551
551
552
552
552
552
552
553
553
553
553
553
555
555
555
556
556
556
557
557
557
557
557
558
558
560
560
561
561
562
563
563
563
565
567
567
567
568
568
569
569
571
571
571
571
571
571
571
571
571
571
572
573
573
573
573
573
573
574
574
574
575
575
575
576
576
576
576
577
578
578
579
581
581
582
583
583
583
583
583
583
584
584
584
584
584
584
585
585
585
585
586
586
586
587
588
588
588
588
589
590
590
590
593
593
595
595
595
596
596
597
598
598
598
598
598
599
601
601
601
602
602
602
602
603
604
604
605
605
605
607
608
608
608
609
609
610
611
612
612
612
612
612
612
613
613
614
615
615
616
617
619
620
621
622
622
622
622
623
623
623
623
624
624
624
624
625
625
626
626
626
627
628
628
628
628
628
629
629
629
630
630
630
630
630
631
631
631
631
632
632
633
633
633
634
634
634
634
634
634
635
635
635
636
636
637
637
637
638
638
638
638
638
638
639
639
640
640
641
641
641
642
642
642
643
643
643
643
643
644
644
644
644
645
645
645
646
647
647
647
648
649
649
650
650
650
651
651
651
651
651
651
652
652
652
653
653
654
655
655
655
656
656
656
657
658
658
658
659
659
660
661
661
662
662
663
663
663
664
664
664
665
666
666
666
667
667
667
667
668
668
668
669
669
669
669
669
669
670
670
670
670
670
671
671
671
671
671
672
672
672
672
673
673
673
673
673
674
674
676
676
677
677
678
679
679
680
680
681
681
682
683
683
683
684
685
685
686
686
686
687
687
687
688
688
688
688
688
688
688
690
690
690
690
691
691
692
692
692
692
693
693
693
694
694
694
694
694
694
695
695
695
696
696
696
697
697
698
698
698
698
699
699
699
699
700
700
700
701
701
701
701
703
704
704
704
704
704
704
705
705
706
706
706
706
707
707
708
708
709
710
710
710
711
711
711
711
711
711
711
712
713
713
713
713
713
714
714
714
715
715
715
715
716
716
717
717
717
717
718
718
718
718
719
719
719
719
719
720
720
721
722
722
723
723
724
724
725
727
727
727
727
729
729
729
730
731
732
732
733
734
735
736
736
736
738
738
738
739
740
740
740
741
741
742
742
742
743
743
743
744
744
744
744
745
745
745
745
746
747
747
748
748
748
748
748
750
750
751
751
752
752
753
754
754
755
755
755
755
755
756
758
758
758
758
759
759
759
759
759
760
760
761
761
761
761
761
762
762
763
763
764
765
765
765
765
765
765
766
767
767
768
769
770
770
770
771
772
772
772
772
773
773
773
774
774
774
775
775
776
776
779
779
780
780
780
781
784
784
784
784
785
785
787
787
787
787
787
787
788
789
789
789
789
789
790
790
791
791
791
791
792
792
792
792
792
794
794
796
796
797
797
798
799
800
800
801
801
801
802
802
803
803
803
803
803
804
804
804
805
805
805
805
805
806
806
806
806
807
807
807
807
808
808
808
808
809
809
809
810
810
811
811
811
811
812
812
812
813
814
814
814
814
814
814
814
815
815
815
815
816
816
816
817
817
817
817
817
818
818
818
819
820
820
820
820
821
821
822
822
823
823
823
823
824
825
825
825
825
825
826
827
828
830
831
831
831
832
832
832
832
832
832
833
833
833
834
834
835
835
836
836
836
836
837
837
837
837
838
838
838
838
838
838
839
840
840
840
841
841
842
843
843
843
844
844
844
845
845
845
845
846
846
847
847
847
847
848
848
848
848
849
849
849
849
849
850
850
851
851
851
852
852
852
852
853
853
853
853
855
855
855
855
856
856
856
856
857
857
857
857
857
858
858
859
860
861
861
861
862
862
862
862
862
863
863
863
864
864
865
865
865
866
867
867
869
869
870
871
871
872
873
873
873
874
874
874
875
875
875
876
876
877
877
877
878
878
878
878
879
879
880
881
882
882
883
883
883
884
884
885
885
886
886
886
886
886
887
887
887
887
888
888
888
889
889
889
889
889
889
890
890
891
891
892
892
892
892
893
894
894
894
894
895
895
896
896
896
897
897
897
897
897
898
898
898
898
899
899
899
899
900
900
900
900
901
901
902
902
903
903
903
903
904
904
904
904
905
905
905
905
907
907
908
909
909
909
910
910
910
910
910
910
910
911
911
911
911
912
912
912
913
913
913
913
914
914
914
914
915
915
916
917
917
918
918
918
919
919
920
921
921
922
923
923
924
924
924
925
925
925
925
926
927
927
928
928
929
929
930
930
930
931
932
932
933
934
934
934
934
934
935
935
935
935
936
936
936
937
938
939
939
939
939
939
939
940
941
941
941
941
942
943
943
943
944
944
944
944
944
945
945
945
945
945
946
947
947
947
947
948
949
949
950
950
950
951
951
952
952
952
952
953
954
954
955
957
957
958
959
959
960
961
961
962
963
963
963
964
964
964
964
964
964
965
966
966
966
967
967
968
968
968
968
968
969
969
969
970
970
970
971
972
972
972
973
973
974
975
977
977
977
978
978
979
979
980
980
980
980
981
981
982
982
983
983
985
985
985
986
986
986
986
986
987
987
988
988
988
989
989
990
990
990
990
991
993
993
993
993
993
994
995
995
996
996
996
998
998
998
998
999
1000
1000
1000
